40
0 1878 302 1888 433 901 1707 1156 1168 830 373 920 1306 172 1350 490 402 1155 1908 907 611 1435 1490 992 1679 792 824 1189 1051 118 1424 542 1276 1269 558 1587 1274 261 499 889
1878 0 1418 525 924 298 1220 1902 117 427 1776 1913 542 285 766 1464 1504 659 673 419 1395 1942 1262 1419 758 883 1007 119 435 170 1839 1595 1050 736 1110 977 1487 839 1250 336
302 1418 0 307 100 1793 709 1709 1915 1374 1230 1125 614 1485 1737 188 1855 1926 959 1678 1341 612 1626 1320 1110 1938 1779 783 231 1234 769 1323 1748 262 1473 1179 799 1303 709 1750
1888 525 307 0 569 698 1968 612 705 1236 1100 1635 406 1630 787 1866 1825 573 1859 1449 1382 191 1923 349 860 552 681 700 597 366 1859 293 261 1568 1609 1967 1309 1207 1666 1911
433 924 100 569 0 634 1026 637 1035 225 621 1527 1704 112 1353 826 791 1771 1476 483 1379 538 277 189 1271 1900 752 1948 443 332 1121 611 1162 1028 181 1302 1545 496 648 1090
901 298 1793 698 634 0 670 1276 511 155 1000 1806 1310 137 1375 145 896 574 254 110 695 1321 1837 1544 878 1785 1470 656 556 604 1103 858 621 632 1208 1181 1722 1977 1964 530
1707 1220 709 1968 1026 670 0 942 1916 1955 1463 403 333 119 1199 1988 946 712 1091 793 512 1807 1042 481 1671 1117 1464 1122 1249 928 1053 406 1080 575 1558 484 1978 1447 1547 292
1156 1902 1709 612 637 1276 942 0 1071 147 1679 745 1270 349 1624 1785 1251 553 743 931 598 1947 386 1249 144 1395 1413 152 1006 1230 1649 139 1116 1819 1326 1253 976 713 187 1461
1168 117 1915 705 1035 511 1916 1071 0 321 1267 1684 1155 452 1241 1760 1429 450 1338 1172 355 548 1613 336 1610 606 1181 1071 1290 1028 1402 140 1821 224 424 1104 1350 1030 771 358
830 427 1374 1236 225 155 1955 147 321 0 1439 1276 1096 715 1059 761 1586 1481 547 1853 1986 1205 744 536 790 421 1551 1142 435 1563 1574 565 755 345 487 407 1717 584 1323 346
373 1776 1230 1100 621 1000 1463 1679 1267 1439 0 547 1353 1027 1495 476 1067 164 1796 279 910 671 1094 956 1983 1186 488 1518 1278 1120 1148 1194 1438 1999 1481 574 921 1115 249 1982
920 1913 1125 1635 1527 1806 403 745 1684 1276 547 0 1075 1434 830 112 847 471 547 623 1389 848 1027 1898 987 790 802 1161 1956 929 879 936 1949 1184 1035 439 1021 1635 1231 133
1306 542 614 406 1704 1310 333 1270 1155 1096 1353 1075 0 331 828 1469 1380 913 652 1862 175 184 623 1118 735 820 1764 368 1302 339 1521 217 1297 1535 713 1969 1671 1189 1522 1544
172 285 1485 1630 112 137 119 349 452 715 1027 1434 331 0 357 1573 831 1506 664 1492 1404 1640 1389 590 1544 1360 1666 1882 1391 261 1713 1064 1076 1131 1680 1576 440 1518 1550 1865
1350 766 1737 787 1353 1375 1199 1624 1241 1059 1495 830 828 357 0 1238 680 776 1364 1908 407 1390 317 215 722 329 1480 397 115 1757 1999 157 1021 1288 1529 183 1448 1835 1471 995
490 1464 188 1866 826 145 1988 1785 1760 761 476 112 1469 1573 1238 0 911 566 1191 1938 1914 218 713 1849 302 1558 407 570 1007 1890 1498 749 877 1057 1950 1769 1998 662 934 825
402 1504 1855 1825 791 896 946 1251 1429 1586 1067 847 1380 831 680 911 0 963 779 1571 1820 1201 525 446 960 575 844 1588 873 1808 1166 1956 1190 1233 1165 1351 1284 1546 741 1764
1155 659 1926 573 1771 574 712 553 450 1481 164 471 913 1506 776 566 963 0 738 1157 1348 1594 966 1465 626 1213 373 485 1547 1194 213 362 1805 837 1697 1067 1108 1191 216 878
1908 673 959 1859 1476 254 1091 743 1338 547 1796 547 652 664 1364 1191 779 738 0 313 741 1699 1176 1715 1279 1940 1756 187 477 537 1272 1360 942 537 742 1181 1686 1597 664 669
907 419 1678 1449 483 110 793 931 1172 1853 279 623 1862 1492 1908 1938 1571 1157 313 0 255 1425 1142 708 606 928 149 272 1039 1393 1731 1683 1484 194 428 1479 598 1384 148 1472
611 1395 1341 1382 1379 695 512 598 355 1986 910 1389 175 1404 407 1914 1820 1348 741 255 0 1883 746 816 1743 366 1991 475 770 1833 1492 1140 964 1302 159 1330 170 1303 1265 1402
1435 1942 612 191 538 1321 1807 1947 548 1205 671 848 184 1640 1390 218 1201 1594 1699 1425 1883 0 1006 1486 1205 1955 277 1785 932 831 183 420 469 688 1446 1635 1113 188 1361 429
1490 1262 1626 1923 277 1837 1042 386 1613 744 1094 1027 623 1389 317 713 525 966 1176 1142 746 1006 0 418 184 1640 631 458 405 1456 933 525 406 988 1426 1113 123 905 1501 805
992 1419 1320 349 189 1544 481 1249 336 536 956 1898 1118 590 215 1849 446 1465 1715 708 816 1486 418 0 1184 624 162 357 563 1162 1091 1845 745 751 1484 662 463 1808 1114 172
1679 758 1110 860 1271 878 1671 144 1610 790 1983 987 735 1544 722 302 960 626 1279 606 1743 1205 184 1184 0 250 1514 375 588 1932 597 1934 105 365 853 1766 900 312 1488 727
792 883 1938 552 1900 1785 1117 1395 606 421 1186 790 820 1360 329 1558 575 1213 1940 928 366 1955 1640 624 250 0 1834 923 1083 1623 890 935 988 1030 850 855 1677 1848 1734 1594
824 1007 1779 681 752 1470 1464 1413 1181 1551 488 802 1764 1666 1480 407 844 373 1756 149 1991 277 631 162 1514 1834 0 208 1426 321 1725 290 391 1272 1805 1835 434 694 228 1966
1189 119 783 700 1948 656 1122 152 1071 1142 1518 1161 368 1882 397 570 1588 485 187 272 475 1785 458 357 375 923 208 0 1817 145 1169 440 756 408 429 139 1134 404 275 924
1051 435 231 597 443 556 1249 1006 1290 435 1278 1956 1302 1391 115 1007 873 1547 477 1039 770 932 405 563 588 1083 1426 1817 0 984 122 1498 647 1079 1059 186 1675 1938 984 1220
118 170 1234 366 332 604 928 1230 1028 1563 1120 929 339 261 1757 1890 1808 1194 537 1393 1833 831 1456 1162 1932 1623 321 145 984 0 1461 432 346 1174 1974 384 173 1565 630 919
1424 1839 769 1859 1121 1103 1053 1649 1402 1574 1148 879 1521 1713 1999 1498 1166 213 1272 1731 1492 183 933 1091 597 890 1725 1169 122 1461 0 213 955 995 643 763 1445 602 782 658
542 1595 1323 293 611 858 406 139 140 565 1194 936 217 1064 157 749 1956 362 1360 1683 1140 420 525 1845 1934 935 290 440 1498 432 213 0 1807 1007 928 516 399 453 1882 1172
1276 1050 1748 261 1162 621 1080 1116 1821 755 1438 1949 1297 1076 1021 877 1190 1805 942 1484 964 469 406 745 105 988 391 756 647 346 955 1807 0 1076 670 262 185 1010 1939 940
1269 736 262 1568 1028 632 575 1819 224 345 1999 1184 1535 1131 1288 1057 1233 837 537 194 1302 688 988 751 365 1030 1272 408 1079 1174 995 1007 1076 0 1038 562 1261 844 1435 856
558 1110 1473 1609 181 1208 1558 1326 424 487 1481 1035 713 1680 1529 1950 1165 1697 742 428 159 1446 1426 1484 853 850 1805 429 1059 1974 643 928 670 1038 0 1219 1583 856 1484 867
1587 977 1179 1967 1302 1181 484 1253 1104 407 574 439 1969 1576 183 1769 1351 1067 1181 1479 1330 1635 1113 662 1766 855 1835 139 186 384 763 516 262 562 1219 0 381 1750 1609 1417
1274 1487 799 1309 1545 1722 1978 976 1350 1717 921 1021 1671 440 1448 1998 1284 1108 1686 598 170 1113 123 463 900 1677 434 1134 1675 173 1445 399 185 1261 1583 381 0 523 781 747
261 839 1303 1207 496 1977 1447 713 1030 584 1115 1635 1189 1518 1835 662 1546 1191 1597 1384 1303 188 905 1808 312 1848 694 404 1938 1565 602 453 1010 844 856 1750 523 0 354 1159
499 1250 709 1666 648 1964 1547 187 771 1323 249 1231 1522 1550 1471 934 741 216 664 148 1265 1361 1501 1114 1488 1734 228 275 984 630 782 1882 1939 1435 1484 1609 781 354 0 1461
889 336 1750 1911 1090 530 292 1461 358 346 1982 133 1544 1865 995 825 1764 878 669 1472 1402 429 805 172 727 1594 1966 924 1220 919 658 1172 940 856 867 1417 747 1159 1461 0
